image: marsyard_td3_edited.pgm
resolution: 0.050000
origin: [-8.704334, -25.103319, 0.000000]
negate: 0
occupied_thresh: 0.65
free_thresh: 0.196

